22 18 1 1 22 18 6 55 1000 60 800 3 80 6 1
special cost zones:
8 6 11 9 15
15 4 18 7 18
5 11 9 14 12
19 10 21 13 20
3 15 7 17 14
12 2 16 5 16
obstacles:
3 2
4 2
5 2
6 2
8 2
9 2
10 2
11 2
13 2
14 2
15 2
16 2
18 2
19 2
20 2
3 3
6 3
8 3
11 3
13 3
16 3
18 3
20 3
2 4
3 4
6 4
8 4
9 4
10 4
11 4
16 4
18 4
20 4
21 4
6 5
11 5
13 5
14 5
15 5
16 5
18 5
2 6
3 6
4 6
6 6
13 6
18 6
20 6
21 6
6 7
8 7
9 7
10 7
13 7
15 7
16 7
17 7
18 7
20 7
2 8
4 8
6 8
8 8
10 8
15 8
20 8
4 9
6 9
8 9
10 9
12 9
13 9
14 9
15 9
17 9
18 9
19 9
20 9
2 10
4 10
6 10
10 10
12 10
17 10
20 10
2 11
4 11
6 11
8 11
10 11
12 11
14 11
15 11
16 11
17 11
20 11
21 11
4 12
8 12
10 12
14 12
20 12
2 13
3 13
4 13
6 13
8 13
10 13
12 13
14 13
16 13
17 13
18 13
20 13
6 14
8 14
12 14
16 14
18 14
20 14
2 15
4 15
6 15
8 15
10 15
12 15
14 15
16 15
18 15
2 16
4 16
6 16
8 16
10 16
12 16
14 16
16 16
18 16
20 16
21 16
4 17
6 17
8 17
10 17
12 17
14 17
16 17
18 17
20 17